Паралелепіпід	
277	174	385	238	
Паралелепіпід	
576	309	680	341	
Паралелепіпід	
765	374	859	394	
Паралелепіпід	
965	409	1033	324	
Паралелепіпід	
1042	300	997	246	
Паралелепіпід	
880	231	726	216	
Паралелепіпід	
670	244	601	278	
Паралелепіпід	
478	380	467	430	
Паралелепіпід	
512	477	719	527	
Паралелепіпід	
860	529	995	501	
Паралелепіпід	
1070	468	1088	422	
Паралелепіпід	
1096	386	1076	344	
Паралелепіпід	
1032	289	954	251	
Паралелепіпід	
717	216	600	223	
Паралелепіпід	
540	292	523	325	
Паралелепіпід	
87	133	126	160	
Еліпс		
119	201	119	202	
Еліпс		
107	368	196	409	
